1
10
7963603587308253962379185301537623362868567443031391768562269675855988631871243508647378175032726229819856342488647884668720804584170523308705378970448763
65537
3544952156018063160
2
10
7963603587308253962379185301537623362868567443031391768562269675855988631871243508647378175032726229819856342488647884668720804584170523308705378970448763
2169008713146044726314424792597259212768419806492673498464020533653194334176091079587942745152446354311707108639262449199343024989069276980783224050017473
2804002519825145666124559331664670321927386287301588821348467511343548435961393155015847512806593309146858766719441293428874480845144430193825529071445519
1
10
149442769256889435642840587941787774024581299218665131537374584752429385202662086782273518046803897077715055084993764622729762292450714199072659749283263359328496552763818511177201885651323202750513064588717492115127790190891463955196807439610854510862268662984315871552488233402546168652818646646607762988771
65537
3544952156018063160
2
10
149442769256889435642840587941787774024581299218665131537374584752429385202662086782273518046803897077715055084993764622729762292450714199072659749283263359328496552763818511177201885651323202750513064588717492115127790190891463955196807439610854510862268662984315871552488233402546168652818646646607762988771
17108947582807291081804674173783262409119024185386033567678128528884106339557404780923725619194800490930254029063097425337464432004176398609063065121569873526148871761779310428983087142473445703838499055407400809619747468248998020491059010214743878545123412979319156631729774696353535383372396537438053522273
119093165869826332821335745243575694017788095002776110659900580137348129459564433110687304004461090459258106767222751828280781230014172518391636444362699814410798210810685579708586513809260893838135172002934476458393706943878225619183264562484470859219687633053520648364049055006796042184490975308502234517471
0
